<?xml version="1.0" encoding="UTF-8" standalone="no" ?>
<SimscapeMultibodyImportXML version="2.0" xmlns="urn:mathworks:SimscapeMultibody:import" xmlns:xsi="http://www.w3.org/2001/XMLSchema-instance">
<Created by="pc" on="06/05/22||10:38:44" using="Simscape Multibody Link Version 7.4" from="Autodesk Inventor 2021 (Build 250183000, 183)"/>
<ModelUnits mass="lbmass" length="inch"/>
<DataUnits mass="kilogram" length="centimeter"/>
<RootAssembly name="manipulator_6dof" uid="manipulator_6dof_{77CAE90F-4C52-59FB-6E47-4D9DBF41ECD2}" version="{6913D055-B9BE-10C4-61D8-F35D3CC0B07F}">
<AssemblyFile name="manipulator_6dof.iam" type="Inventor Assembly"/>
<InstanceTree>
<Instance name="czlon1" uid="czlon1" entityUid="czlon1.ipt_{1FB8DE91-4EDC-40FE-45AF-858164DEBC5B}">
<Transform>
<Rotation>-0.027333837146807555 0.10747323111129869 0.99383216185698542 0.99626707266303016 0.084367413269885477 0.018277294810363588 -0.081882728791048451 0.99062184721146029 -0.10937812648370732</Rotation>
<Translation>48.665091658241053 172.57725294632249 43.171622765815393</Translation>
</Transform>
</Instance>
<Instance name="czlon2" uid="czlon2" entityUid="czlon2.ipt_{610A5CE1-4FB1-9CA8-EFBD-39AE9D34389F}">
<Transform>
<Rotation>0.026466145604896275 0.062306143580393207 -0.99770611284538313 -0.92631739189765949 0.37674261412686766 -0.0010450688316384323 0.37581329487505211 0.92422018327514543 0.067686189301639929</Rotation>
<Translation>124.12091962368304 92.897169994015314 55.399561813193479</Translation>
</Transform>
</Instance>
<Instance name="czlon3" uid="czlon3" entityUid="czlon3.ipt_{AE6F0124-49E7-F862-63EC-97AC8BE94EE9}">
<Transform>
<Rotation>0.096455952598142575 0.043567186864553888 -0.99438330106513106 -0.33119549755952626 0.94351718315422961 0.0092123552409477272 0.93861908759882151 0.32844668566070262 0.10543710482473015</Rotation>
<Translation>127.53565092849371 108.02129791209717 84.73296194859941</Translation>
</Transform>
</Instance>
<Instance name="czlon4" uid="czlon4" entityUid="czlon4.ipt_{38EF8379-4321-26C6-7477-C494ACCEB5B1}">
<Transform>
<Rotation>0.082585526814089913 0.057091386740933045 -0.99494733746108943 -0.57404075040450242 0.81882646359296962 -0.00066286873021566338 0.81465136569947105 0.57119505957241357 0.10039599735154076</Rotation>
<Translation>126.83894776108191 107.44585906609102 80.047731258566813</Translation>
</Transform>
</Instance>
<Instance name="czlon5" uid="czlon5" entityUid="czlon5.ipt_{A848CC86-40E0-8290-1BE1-DD97CD621412}">
<Transform>
<Rotation>0.10832758543755105 0.020660130703892728 -0.99390054494031388 0.027915365962992836 0.99932655079386401 0.023815482813795991 0.99372323439505972 -0.030324971192074959 0.10767789720169146</Rotation>
<Translation>125.88260985866928 108.44830762149007 71.807019296187519</Translation>
</Transform>
</Instance>
<Instance name="czlon6" grounded="true" uid="czlon6" entityUid="czlon6.ipt_{45BB51D7-4A5B-7683-951E-9EB64F67C192}">
<Transform>
<Rotation>0.99965304046533188 0.020660130703878114 0.0163388398434203 -0.021143553536486795 0.99932655079367971 0.029989915344187719 -0.015708240893882938 -0.030324971192069471 0.99941665349837328</Rotation>
<Translation>89.796067363333421 108.18088621427485 38.408999206828902</Translation>
</Transform>
</Instance>
<Instance name="silnik1" uid="silnik1" entityUid="silnik1.ipt_{4F044328-4610-D465-CA3B-CC90356F90B6}">
<Transform>
<Rotation>-0.0056226654830674738 0.053829796353697598 -0.99853429518343184 -0.92681738187203222 -0.37521232400493959 -0.015008416797213157 -0.37547027351419537 0.92537455386426015 0.052000084306241312</Rotation>
<Translation>126.57485595873202 92.648695180877041 87.407396127760549</Translation>
</Transform>
</Instance>
<Instance name="silnik2" uid="silnik2" entityUid="silnik2.ipt_{939BD2D9-48BB-ABD2-49C5-B6BD70928378}">
<Transform>
<Rotation>0.026819515019754527 0.081400236949023944 0.99632058848487159 0.94801166632231337 -0.31823521046061093 0.00048097812965088087 0.31710344389643402 0.94451064168059873 -0.085703288275836537</Rotation>
<Translation>51.492932255321975 130.54037155240522 84.537382196190677</Translation>
</Transform>
</Instance>
<Instance name="silnik3" uid="silnik3" entityUid="silnik3.ipt_{36B6BD66-4E7D-046A-6480-A2BCE379E1B3}">
<Transform>
<Rotation>0.27344522187200948 0.96136188618749774 0.031796767463004069 -0.017127457549364428 -0.02818506567250623 0.99945597815542919 0.96173507830011884 -0.27384105948297754 0.008758613358961935</Rotation>
<Translation>124.05909961523545 50.249933670068216 73.244832281304696</Translation>
</Transform>
</Instance>
<Instance name="silnik4" uid="silnik4" entityUid="silnik3.ipt_{36B6BD66-4E7D-046A-6480-A2BCE379E1B3}">
<Transform>
<Rotation>-0.027270068061210396 -0.020660130703892863 -0.99941457983527526 -0.029756896058701507 -0.9993265507938639 0.021470258858560853 -0.99918510323415322 0.030324971192073995 0.026636921693606389</Rotation>
<Translation>127.18539539087523 77.831449224878526 96.524452515680153</Translation>
</Transform>
</Instance>
<Instance name="silnik5" uid="silnik5" entityUid="silnik2.ipt_{939BD2D9-48BB-ABD2-49C5-B6BD70928378}">
<Transform>
<Rotation>0.11105177230371657 -0.077529730126121341 -0.990785872333103 0.92568619921674855 0.37083615815185922 0.074736901105807385 0.36162489467394099 -0.92545647372196815 0.11295021380381219</Rotation>
<Translation>129.30963671959589 119.0647430643435 100.14437759087083</Translation>
</Transform>
</Instance>
<Instance name="silnik6" uid="silnik6" entityUid="silnik2.ipt_{939BD2D9-48BB-ABD2-49C5-B6BD70928378}">
<Transform>
<Rotation>0.99407574689368261 0.051594442950409602 0.095663069648102839 -0.015151234113373659 0.9373366230129383 -0.34809552606091171 -0.10762829341164466 0.34458390649509807 0.9325653230964791</Rotation>
<Translation>89.391243058516096 116.88142214559609 44.531719743852214</Translation>
</Transform>
</Instance>
<Instance name="enkoder1" uid="enkoder1" entityUid="enkoder1.ipt_{BFB35D44-4F10-835D-3057-9CAC4146F5A2}">
<Transform>
<Rotation>0.11021208275699579 -0.078630539340833874 -0.9907928820381342 0.93136011542538999 0.3562212780008886 0.075330846897490519 0.34701820155324492 -0.93108734251011604 0.11249323716727457</Rotation>
<Translation>129.68450203277959 163.94945037960821 78.929886649918487</Translation>
</Transform>
</Instance>
<Instance name="enkoder2" uid="enkoder2" entityUid="enkoder1.ipt_{BFB35D44-4F10-835D-3057-9CAC4146F5A2}">
<Transform>
<Rotation>-0.016594925332240641 0.99387195690252528 -0.10928468207414023 0.98117302841878262 -0.0048467938585662305 -0.19306992746906046 -0.19241646695861309 -0.11043116350071149 -0.97507992563235824</Rotation>
<Translation>76.548124084477422 180.33501462641792 83.425633748429959</Translation>
</Transform>
</Instance>
<Instance name="enkoder3" uid="enkoder3" entityUid="enkoder1.ipt_{BFB35D44-4F10-835D-3057-9CAC4146F5A2}">
<Transform>
<Rotation>-0.022509508331602632 -0.056844992247049989 -0.99812923456393055 0.1435610003624305 -0.98821894077919248 0.053043041582045397 -0.98938544622900615 -0.14209845861856191 0.030405046433496372</Rotation>
<Translation>127.40873703469364 143.4547283191161 44.427005847136947</Translation>
</Transform>
</Instance>
<Instance name="enkoder4" uid="enkoder4" entityUid="enkoder1.ipt_{BFB35D44-4F10-835D-3057-9CAC4146F5A2}">
<Transform>
<Rotation>0.99894680580853334 -0.043542626969139471 -0.014467854078948439 -0.035854701924322094 -0.93754268711921462 0.34601755761706443 -0.028630744226116472 -0.34513439333974127 -0.93811648051787067</Rotation>
<Translation>130.91435434212949 121.6374677085266 130.52105293435821</Translation>
</Transform>
</Instance>
<Instance name="enkoder5" uid="enkoder5" entityUid="enkoder1.ipt_{BFB35D44-4F10-835D-3057-9CAC4146F5A2}">
<Transform>
<Rotation>0.10848897571193053 -0.0039716304822532238 -0.99408971843609917 0.027911498385769177 0.99960994909380729 -0.00094759200930990065 0.9937057363258972 -0.027643730284956442 0.10855751364643897</Rotation>
<Translation>131.51282983483532 83.190400348293508 112.6014772202721</Translation>
</Transform>
</Instance>
<Instance name="enkoder6" uid="enkoder6" entityUid="enkoder1.ipt_{BFB35D44-4F10-835D-3057-9CAC4146F5A2}">
<Transform>
<Rotation>-0.99974425514613552 0.0097848753356371519 -0.02038824456606203 -0.019821702354652984 0.054868985860509305 0.99829679680237871 0.010886892007493619 0.99844561724951952 -0.05466100051328146</Rotation>
<Translation>51.530304867403615 41.248434202389433 65.581742155032316</Translation>
</Transform>
</Instance>
</InstanceTree>
<Constraints>
</Constraints>
<Joints>
<Revolute name="Rotational:1">
<BaseFrame>
<InstancePath>
<Uid>czlon6</Uid>
</InstancePath>
<Transform>
<Rotation>0.90756775968133707 -0.41990565796021212 -1.083611282301334e-14 -9.8709276485643742e-15 4.4714261297405753e-15 -1 0.41990565796021212 0.90756775968133707 0</Rotation>
<Translation>0.72300066938929286 -20.071249163263047 38.044999999999995</Translation>
</Transform>
</BaseFrame>
<FollowerFrame>
<InstancePath>
<Uid>czlon5</Uid>
</InstancePath>
<Transform>
<Rotation>-0.99917421599444767 0.040631097596313233 -2.7339241981395344e-15 2.735243615996211e-15 0 -1 -0.040631097596313233 -0.99917421599444767 0</Rotation>
<Translation>0.84489396217825363 -20.071249163263047 35.047477352016642</Translation>
</Transform>
</FollowerFrame>
</Revolute>
<Revolute name="Rotational:2">
<BaseFrame>
<InstancePath>
<Uid>czlon5</Uid>
</InstancePath>
<Transform>
<Rotation>-0.19572773403582291 -0.97981619094466954 0.040631097596316001 -0.9806259761912377 0.19588949644884612 -2.1553939189012743e-16 -0.0079592052483060515 -0.039843909744108869 -0.99917421599444745</Rotation>
<Translation>0.52849001463626244 -13.071249163263046 42.828282816930084</Translation>
</Transform>
</BaseFrame>
<FollowerFrame>
<InstancePath>
<Uid>czlon4</Uid>
</InstancePath>
<Transform>
<Rotation>0.99917421599444733 9.7514186264325564e-14 0.040631097596316258 9.7433660608993985e-14 -1 3.9621084191311741e-15 0.040631097596316258 0 -0.99917421599444745</Rotation>
<Translation>0.51131265091255973 -13.071249163263278 43.250697665330961</Translation>
</Transform>
</FollowerFrame>
</Revolute>
<Revolute name="Rotational:3">
<BaseFrame>
<InstancePath>
<Uid>czlon4</Uid>
</InstancePath>
<Transform>
<Rotation>0.99800787894817866 0.048263728259166791 0.040631097596335736 0.048303616613176267 -0.99883269901524929 1.4571677198205724e-15 0.040583668876100092 0.0019626289608644953 -0.99917421599444667</Rotation>
<Translation>-11.642589914556345 14.399133155619785 45.381630954644315</Translation>
</Transform>
</BaseFrame>
<FollowerFrame>
<InstancePath>
<Uid>czlon3</Uid>
</InstancePath>
<Transform>
<Rotation>0.99917421599444733 1.0929786201255522e-14 0.040631097596316196 1.0920760558626416e-14 -1 4.4408920985008323e-16 0.040631097596316189 0 -0.99917421599444745</Rotation>
<Translation>-11.657501527372919 14.399133155619818 45.748327891913348</Translation>
</Transform>
</FollowerFrame>
</Revolute>
<Revolute name="Rotational:4">
<BaseFrame>
<InstancePath>
<Uid>czlon3</Uid>
</InstancePath>
<Transform>
<Rotation>-0.99914929704228528 -0.0060485712676806806 0.040793345113230566 -0.0070624692353988229 0.99966856724403863 -0.024756356608964487 -0.040630084275157366 -0.025023398048046201 -0.99886086408564567</Rotation>
<Translation>-39.791964121210327 14.313144552272895 41.099945357406241</Translation>
</Transform>
</BaseFrame>
<FollowerFrame>
<InstancePath>
<Uid>czlon2</Uid>
</InstancePath>
<Transform>
<Rotation>0.85391621892033198 -0.51880920776261952 0.040793345113225764 -0.51821821356135944 -0.85489005488467529 -0.024756356608961607 0.047717650802159318 0 -0.99886086408564612</Rotation>
<Translation>-39.771567458105721 14.300766338354123 40.600514900123841</Translation>
</Transform>
</FollowerFrame>
</Revolute>
<Revolute name="Rotational:5">
<BaseFrame>
<InstancePath>
<Uid>czlon2</Uid>
</InstancePath>
<Transform>
<Rotation>0.0027623969548587098 -0.98860608154237783 -0.15050044750926517 0.018142554200976432 0.15052579691675871 -0.9884395946084108 0.99983159426481838 0 0.018351651420828053</Rotation>
<Translation>-39.861980993379014 12.511381542597171 36.551502746828135</Translation>
</Transform>
</BaseFrame>
<FollowerFrame>
<InstancePath>
<Uid>czlon1</Uid>
</InstancePath>
<Transform>
<Rotation>0.031025543353278642 0.98812298372173168 -0.1505004475092892 -0.023276283826898468 -0.14981783078651734 -0.98843959460840725 -0.99924753203139982 0.034169966626921754 0.018351651420827543</Rotation>
<Translation>-39.919894755093843 12.12663206102572 36.543656307970288</Translation>
</Transform>
</FollowerFrame>
</Revolute>
<Weld name="Rigid:1">
<BaseFrame>
<InstancePath>
<Uid>czlon3</Uid>
</InstancePath>
<Transform>
<Rotation>0.020197025332903528 0.99896345436766365 0.040793345113230288 0.99950917631376401 -0.019197116242577642 -0.024756356608964362 -0.023947580927586507 0.041273327534789565 -0.99886086408564567</Rotation>
<Translation>-39.416665346197156 14.085386071430946 31.910425407806834</Translation>
</Transform>
</BaseFrame>
<FollowerFrame>
<InstancePath>
<Uid>enkoder1</Uid>
</InstancePath>
<Transform>
<Rotation>0.99914929704228539 0.006048571267675021 0.040793345113228435 0.0070624692353931633 -0.99966856724403874 -0.024756356608965909 0.040630084275155368 0.025023398048047374 -0.99886086408564578</Rotation>
<Translation>-39.416665355620545 14.085386035856487 31.910425382578691</Translation>
</Transform>
</FollowerFrame>
</Weld>
<Weld name="Rigid:2">
<BaseFrame>
<InstancePath>
<Uid>czlon2</Uid>
</InstancePath>
<Transform>
<Rotation>0.0027623969548587098 -0.98860608154237783 -0.15050044750926517 0.018142554200976432 0.15052579691675871 -0.9884395946084108 0.99983159426481838 0 0.018351651420828053</Rotation>
<Translation>-39.2587751997618 16.47304743778767 36.477949327933452</Translation>
</Transform>
</BaseFrame>
<FollowerFrame>
<InstancePath>
<Uid>enkoder2</Uid>
</InstancePath>
<Transform>
<Rotation>0.99914929704228483 -0.0060485712676752491 -0.040793345113241085 0.0070624692353934765 0.99966856724403874 0.024756356608960178 0.040630084275168038 -0.025023398048041736 0.99886086408564545</Rotation>
<Translation>-39.416665355620545 14.085386035856487 31.910425382578691</Translation>
</Transform>
</FollowerFrame>
</Weld>
<Weld name="Rigid:3">
<BaseFrame>
<InstancePath>
<Uid>czlon4</Uid>
</InstancePath>
<Transform>
<Rotation>-0.88993993203323918 -0.45426427471329101 0.040631097596316265 -0.4546397089132006 0.89067543756371792 3.9690473130350829e-15 -0.036189120630294919 -0.01847251038400953 -0.99917421599444756</Rotation>
<Translation>-11.068350612228423 14.399133155619101 31.260301759994999</Translation>
</Transform>
</BaseFrame>
<FollowerFrame>
<InstancePath>
<Uid>enkoder3</Uid>
</InstancePath>
<Transform>
<Rotation>0.99914929704228561 0.0060485712676754018 0.040793345113223752 0.0070624692353932882 -0.99966856724403885 -0.024756356608962519 0.040630084275150698 0.025023398048043967 -0.99886086408564612</Rotation>
<Translation>-39.416665355620545 14.085386035856487 31.910425382578691</Translation>
</Transform>
</FollowerFrame>
</Weld>
<Weld name="Rigid:4">
<BaseFrame>
<InstancePath>
<Uid>czlon3</Uid>
</InstancePath>
<Transform>
<Rotation>-0.040631097596313885 -0.0070566371612611608 -0.99914929704228539 -1.3690762933061346e-15 0.9999750604531592 -0.0070624692353954011 0.99917421599444767 -0.00028695587677294687 -0.040630084275152183</Rotation>
<Translation>3.5589348890879582 14.504363947229272 38.260404998059045</Translation>
</Transform>
</BaseFrame>
<FollowerFrame>
<InstancePath>
<Uid>enkoder4</Uid>
</InstancePath>
<Transform>
<Rotation>0.8539162189204883 0.51880920776236228 -0.040793345113225757 -0.51821821356110287 0.85489005488483127 0.024756356608944815 0.047717650802150617 0 0.99886086408564645</Rotation>
<Translation>-39.415849488718301 14.084890908724303 31.890448165296977</Translation>
</Transform>
</FollowerFrame>
</Weld>
<Weld name="Rigid:7">
<BaseFrame>
<InstancePath>
<Uid>czlon5</Uid>
</InstancePath>
<Transform>
<Rotation>0.99917421599444745 -6.3294562669380348e-15 0.04063109759631589 -6.3242295031889528e-15 -0.99999999999999989 -2.5717275531357255e-16 0.04063109759631589 0 -0.99917421599444745</Rotation>
<Translation>1.0317970111212884 -13.071249163263042 30.451275958442157</Translation>
</Transform>
</BaseFrame>
<FollowerFrame>
<InstancePath>
<Uid>enkoder5</Uid>
</InstancePath>
<Transform>
<Rotation>0.85391621892033454 -0.51880920776261485 0.04079334511323339 -0.51821821356135467 -0.85489005488467817 -0.02475635660896593 0.047717650802168096 0 -0.99886086408564556</Rotation>
<Translation>-39.416665355620566 14.085386035856482 31.910425382578691</Translation>
</Transform>
</FollowerFrame>
</Weld>
<Weld name="Rigid:8">
<BaseFrame>
<InstancePath>
<Uid>czlon6</Uid>
</InstancePath>
<Transform>
<Rotation>0 1 1.0848526937888298e-14 0 -1.0848526937888298e-14 1 1 0 0</Rotation>
<Translation>0.72300066939021346 -34.671249163263049 38.045000000000151</Translation>
</Transform>
</BaseFrame>
<FollowerFrame>
<InstancePath>
<Uid>enkoder6</Uid>
</InstancePath>
<Transform>
<Rotation>0.99914929704228528 -0.006048571267675381 -0.040793345113231648 0.0070624692353938364 0.99966856724403852 0.024756356608971603 0.040630084275158525 -0.025023398048053109 0.99886086408564545</Rotation>
<Translation>-39.416665355620545 14.085386035856487 31.910425382578691</Translation>
</Transform>
</FollowerFrame>
</Weld>
<Weld name="Rigid:16">
<BaseFrame>
<InstancePath>
<Uid>czlon5</Uid>
</InstancePath>
<Transform>
<Rotation>-0.25860531647474511 0.96512818019116797 -0.040631097596316029 -0.96592582628906765 -0.25881904510252318 3.4824573780235886e-16 -0.010516101881345602 0.039246626518753394 0.99917421599444756</Rotation>
<Translation>10.447093398193605 -15.659439614288262 36.646946070125431</Translation>
</Transform>
</BaseFrame>
<FollowerFrame>
<InstancePath>
<Uid>silnik4</Uid>
</InstancePath>
<Transform>
<Rotation>0.25860531647474511 -0.96512818019116819 -0.040631097596310561 0.96592582628906765 0.25881904510252313 0 0.010516101881344582 -0.039246626518748016 0.99917421599444767</Rotation>
<Translation>10.433603873791625 -15.659439614288262 36.97867190983559</Translation>
</Transform>
</FollowerFrame>
</Weld>
<Weld name="Rigid:9">
<BaseFrame>
<InstancePath>
<Uid>czlon5</Uid>
</InstancePath>
<Transform>
<Rotation>0.99917421599444745 -6.3294562669380348e-15 0.04063109759631589 -6.3242295031889528e-15 -0.99999999999999989 -2.5717275531357255e-16 0.04063109759631589 0 -0.99917421599444745</Rotation>
<Translation>0.91802993785161568 -13.071249163263042 33.248963763226612</Translation>
</Transform>
</BaseFrame>
<FollowerFrame>
<InstancePath>
<Uid>silnik1</Uid>
</InstancePath>
<Transform>
<Rotation>0.40157757321580506 -0.91492325721790657 0.040631097596314038 -0.91567941062941838 -0.40190946362254454 5.4678483962791366e-15 0.01633002264132483 -0.037205059500221398 -0.99917421599444756</Rotation>
<Translation>0.91802993785164189 -13.071249163263275 33.248963763226541</Translation>
</Transform>
</FollowerFrame>
</Weld>
<Weld name="Rigid:14">
<BaseFrame>
<InstancePath>
<Uid>czlon3</Uid>
</InstancePath>
<Transform>
<Rotation>-0.99852305437720335 -0.035883323030255453 -0.040793345113229851 0.03489210786097361 -0.99908441265813697 0.024756356609236786 -0.041644335584073364 0.023296427019005639 0.99886086408563912</Rotation>
<Translation>-4.0824887965239185 14.38773893538351 35.448369696810744</Translation>
</Transform>
</BaseFrame>
<FollowerFrame>
<InstancePath>
<Uid>silnik5</Uid>
</InstancePath>
<Transform>
<Rotation>-0.0060485712676493107 -0.99914929704228561 -0.040793345113224758 0.99966856724403186 -0.0070624692353786021 0.024756356609242587 -0.025023398048323202 -0.040630084275150365 0.99886086408563912</Rotation>
<Translation>-4.0865681311395656 14.390214571761115 35.548255783998357</Translation>
</Transform>
</FollowerFrame>
</Weld>
<Weld name="Rigid:10">
<BaseFrame>
<InstancePath>
<Uid>czlon3</Uid>
</InstancePath>
<Transform>
<Rotation>-0.0060485712676641339 -0.99914929704228528 -0.040793345113229865 0.99966856724403186 -0.0070624692353933117 0.024756356609236467 -0.025023398048317717 -0.040630084275155152 0.99886086408563901</Rotation>
<Translation>-0.072026581084078473 14.591600101031318 42.623095994831168</Translation>
</Transform>
</BaseFrame>
<FollowerFrame>
<InstancePath>
<Uid>silnik2</Uid>
</InstancePath>
<Transform>
<Rotation>0.99914929704228561 0.0060485712676469671 0.040793345113224196 0.0070624692353761761 -0.99966856724403186 -0.02475635660924095 0.040630084275149872 0.025023398048321464 -0.99886086408563923</Rotation>
<Translation>-3.9968227718904723 14.335750587220799 33.350761883009952</Translation>
</Transform>
</FollowerFrame>
</Weld>
<Weld name="Rigid:13">
<BaseFrame>
<InstancePath>
<Uid>czlon3</Uid>
</InstancePath>
<Transform>
<Rotation>-0.040631097596313358 -0.0070566371612634958 -0.9991492970422855 0 0.99997506045315898 -0.0070624692353977898 0.99917421599444756 -0.00028695587677432792 -0.040630084275151655</Rotation>
<Translation>-8.4723234550452862 7.2691428869926522 37.771157753521628</Translation>
</Transform>
</BaseFrame>
<FollowerFrame>
<InstancePath>
<Uid>silnik6</Uid>
</InstancePath>
<Transform>
<Rotation>-0.99914929704228572 -0.0060485712676478969 0.040793345113219907 -0.0070624692353760364 0.99966856724403241 -0.024756356609217281 -0.040630084275145736 -0.025023398048297781 -0.99886086408563979</Rotation>
<Translation>-4.0895669853256909 14.392034493698009 35.621685361183182</Translation>
</Transform>
</FollowerFrame>
</Weld>
<Weld name="Rigid:15">
<BaseFrame>
<InstancePath>
<Uid>czlon6</Uid>
</InstancePath>
<Transform>
<Rotation>1 -1.4995220072859252e-16 1.0854923730705961e-14 -1.0854923730705961e-14 0 1 -1.4995220072859245e-16 -1 0</Rotation>
<Translation>25.260000669389406 -21.081249163263045 51.582000000000001</Translation>
</Transform>
</BaseFrame>
<FollowerFrame>
<InstancePath>
<Uid>silnik3</Uid>
</InstancePath>
<Transform>
<Rotation>0.25860531647474394 -0.96512818019116919 -0.04063109759628996 0.96592582628906809 0.25881904510252079 2.3986021502327636e-14 0.010516101881315945 -0.039246626518734354 0.99917421599444844</Rotation>
<Translation>13.30805151391618 -13.983596542876144 37.731085203300289</Translation>
</Transform>
</FollowerFrame>
</Weld>
</Joints>
</RootAssembly>
<Assemblies>
</Assemblies>
<Parts>
<Part name="czlon1.ipt" uid="czlon1.ipt_{1FB8DE91-4EDC-40FE-45AF-858164DEBC5B}" version="{F4DFDD21-F864-B020-71B5-159D176508CC}">
<PartFile name="czlon1.ipt" type="Inventor Part"/>
<MassProperties>
<Mass>6.1259975055756541</Mass>
<CenterOfMass>-2.7896069695891601 -9.7260612522193721 38.353705303842737</CenterOfMass>
<Inertia>1959.1554061952661 1131.6125407860111 2832.9232350652678 58.636785665522332 -100.82795941584395 801.15401155880284</Inertia>
</MassProperties>
<GeometryFile name="czlon1_ipt_9ed4ef76.STEP" type="STEP"/>
<VisualProperties>
<Ambient r="0.74901960784313726" g="0.74901960784313726" b="0.74901960784313726" a="1"/>
<Diffuse r="0.74901960784313726" g="0.74901960784313726" b="0.74901960784313726" a="1"/>
<Specular r="0" g="0" b="0" a="1"/>
<Emissive r="0" g="0" b="0" a="1"/>
<Shininess>0.14999999999999999</Shininess>
</VisualProperties>
</Part>
<Part name="czlon2.ipt" uid="czlon2.ipt_{610A5CE1-4FB1-9CA8-EFBD-39AE9D34389F}" version="{9099A3C1-3F16-0009-574F-342DFF58AFBB}">
<PartFile name="czlon2.ipt" type="Inventor Part"/>
<MassProperties>
<Mass>6.1259975055756541</Mass>
<CenterOfMass>-2.7896069695891601 -9.7260612522193721 38.353705303842737</CenterOfMass>
<Inertia>1959.1554061952661 1131.6125407860111 2832.9232350652678 58.636785665522332 -100.82795941584395 801.15401155880284</Inertia>
</MassProperties>
<GeometryFile name="czlon2_ipt_3d27bbb7.STEP" type="STEP"/>
<VisualProperties>
<Ambient r="0.74901960784313726" g="0.74901960784313726" b="0.74901960784313726" a="1"/>
<Diffuse r="0.74901960784313726" g="0.74901960784313726" b="0.74901960784313726" a="1"/>
<Specular r="0" g="0" b="0" a="1"/>
<Emissive r="0" g="0" b="0" a="1"/>
<Shininess>0.14999999999999999</Shininess>
</VisualProperties>
</Part>
<Part name="czlon3.ipt" uid="czlon3.ipt_{AE6F0124-49E7-F862-63EC-97AC8BE94EE9}" version="{D89EF0F9-E0DB-C88E-853C-C04796B6C5CB}">
<PartFile name="czlon3.ipt" type="Inventor Part"/>
<MassProperties>
<Mass>6.1259975055756541</Mass>
<CenterOfMass>-2.7896069695891601 -9.7260612522193721 38.353705303842737</CenterOfMass>
<Inertia>1959.1554061952661 1131.6125407860111 2832.9232350652678 58.636785665522332 -100.82795941584395 801.15401155880284</Inertia>
</MassProperties>
<GeometryFile name="czlon3_ipt_30b1dfac.STEP" type="STEP"/>
<VisualProperties>
<Ambient r="0.74901960784313726" g="0.74901960784313726" b="0.74901960784313726" a="1"/>
<Diffuse r="0.74901960784313726" g="0.74901960784313726" b="0.74901960784313726" a="1"/>
<Specular r="0" g="0" b="0" a="1"/>
<Emissive r="0" g="0" b="0" a="1"/>
<Shininess>0.14999999999999999</Shininess>
</VisualProperties>
</Part>
<Part name="czlon4.ipt" uid="czlon4.ipt_{38EF8379-4321-26C6-7477-C494ACCEB5B1}" version="{C437223C-BB15-FE4A-6808-A19B2E8E5664}">
<PartFile name="czlon4.ipt" type="Inventor Part"/>
<MassProperties>
<Mass>6.1259975055756541</Mass>
<CenterOfMass>-2.7896069695891601 -9.7260612522193721 38.353705303842737</CenterOfMass>
<Inertia>1959.1554061952661 1131.6125407860111 2832.9232350652678 58.636785665522332 -100.82795941584395 801.15401155880284</Inertia>
</MassProperties>
<GeometryFile name="czlon4_ipt_9285ced1.STEP" type="STEP"/>
<VisualProperties>
<Ambient r="0.74901960784313726" g="0.74901960784313726" b="0.74901960784313726" a="1"/>
<Diffuse r="0.74901960784313726" g="0.74901960784313726" b="0.74901960784313726" a="1"/>
<Specular r="0" g="0" b="0" a="1"/>
<Emissive r="0" g="0" b="0" a="1"/>
<Shininess>0.14999999999999999</Shininess>
</VisualProperties>
</Part>
<Part name="czlon5.ipt" uid="czlon5.ipt_{A848CC86-40E0-8290-1BE1-DD97CD621412}" version="{04A2E0B3-CC11-0F39-961F-92E6727FB42D}">
<PartFile name="czlon5.ipt" type="Inventor Part"/>
<MassProperties>
<Mass>6.1259975055756541</Mass>
<CenterOfMass>-2.7896069695891601 -9.7260612522193721 38.353705303842737</CenterOfMass>
<Inertia>1959.1554061952661 1131.6125407860111 2832.9232350652678 58.636785665522332 -100.82795941584395 801.15401155880284</Inertia>
</MassProperties>
<GeometryFile name="czlon5_ipt_30945a7d.STEP" type="STEP"/>
<VisualProperties>
<Ambient r="0.74901960784313726" g="0.74901960784313726" b="0.74901960784313726" a="1"/>
<Diffuse r="0.74901960784313726" g="0.74901960784313726" b="0.74901960784313726" a="1"/>
<Specular r="0" g="0" b="0" a="1"/>
<Emissive r="0" g="0" b="0" a="1"/>
<Shininess>0.14999999999999999</Shininess>
</VisualProperties>
</Part>
<Part name="czlon6.ipt" uid="czlon6.ipt_{45BB51D7-4A5B-7683-951E-9EB64F67C192}" version="{82C853CC-0100-2A8C-BC17-268126989FBD}">
<PartFile name="czlon6.ipt" type="Inventor Part"/>
<MassProperties>
<Mass>6.1259975055756541</Mass>
<CenterOfMass>-2.7896069695891601 -9.7260612522193721 38.353705303842737</CenterOfMass>
<Inertia>1959.1554061952661 1131.6125407860111 2832.9232350652678 58.636785665522332 -100.82795941584395 801.15401155880284</Inertia>
</MassProperties>
<GeometryFile name="czlon6_ipt_7ef60a28.STEP" type="STEP"/>
<VisualProperties>
<Ambient r="0.74901960784313726" g="0.74901960784313726" b="0.74901960784313726" a="1"/>
<Diffuse r="0.74901960784313726" g="0.74901960784313726" b="0.74901960784313726" a="1"/>
<Specular r="0" g="0" b="0" a="1"/>
<Emissive r="0" g="0" b="0" a="1"/>
<Shininess>0.14999999999999999</Shininess>
</VisualProperties>
</Part>
<Part name="enkoder1.ipt" uid="enkoder1.ipt_{BFB35D44-4F10-835D-3057-9CAC4146F5A2}" version="{7C39ADBD-7C1B-F1E3-68B9-72E8950E625E}">
<PartFile name="enkoder1.ipt" type="Inventor Part"/>
<MassProperties>
<Mass>6.1259975055756541</Mass>
<CenterOfMass>-2.7896069695891601 -9.7260612522193721 38.353705303842737</CenterOfMass>
<Inertia>1959.1554061952661 1131.6125407860111 2832.9232350652678 58.636785665522332 -100.82795941584395 801.15401155880284</Inertia>
</MassProperties>
<GeometryFile name="enkoder1_ipt_7f0b7399.STEP" type="STEP"/>
<VisualProperties>
<Ambient r="0.74901960784313726" g="0.74901960784313726" b="0.74901960784313726" a="1"/>
<Diffuse r="0.74901960784313726" g="0.74901960784313726" b="0.74901960784313726" a="1"/>
<Specular r="0" g="0" b="0" a="1"/>
<Emissive r="0" g="0" b="0" a="1"/>
<Shininess>0.14999999999999999</Shininess>
</VisualProperties>
</Part>
<Part name="silnik1.ipt" uid="silnik1.ipt_{4F044328-4610-D465-CA3B-CC90356F90B6}" version="{384FC35B-FD7A-7F50-396F-916258F63B0F}">
<PartFile name="silnik1.ipt" type="Inventor Part"/>
<MassProperties>
<Mass>6.1259975055756541</Mass>
<CenterOfMass>-2.7896069695891601 -9.7260612522193721 38.353705303842737</CenterOfMass>
<Inertia>1959.1554061952661 1131.6125407860111 2832.9232350652678 58.636785665522332 -100.82795941584395 801.15401155880284</Inertia>
</MassProperties>
<GeometryFile name="silnik1_ipt_79505f52.STEP" type="STEP"/>
<VisualProperties>
<Ambient r="0.74901960784313726" g="0.74901960784313726" b="0.74901960784313726" a="1"/>
<Diffuse r="0.74901960784313726" g="0.74901960784313726" b="0.74901960784313726" a="1"/>
<Specular r="0" g="0" b="0" a="1"/>
<Emissive r="0" g="0" b="0" a="1"/>
<Shininess>0.14999999999999999</Shininess>
</VisualProperties>
</Part>
<Part name="silnik2.ipt" uid="silnik2.ipt_{939BD2D9-48BB-ABD2-49C5-B6BD70928378}" version="{75697D24-E4A5-8674-5050-B5C8F7D9C612}">
<PartFile name="silnik2.ipt" type="Inventor Part"/>
<MassProperties>
<Mass>6.1259975055756541</Mass>
<CenterOfMass>-2.7896069695891601 -9.7260612522193721 38.353705303842737</CenterOfMass>
<Inertia>1959.1554061952661 1131.6125407860111 2832.9232350652678 58.636785665522332 -100.82795941584395 801.15401155880284</Inertia>
</MassProperties>
<GeometryFile name="silnik2_ipt_96cf2664.STEP" type="STEP"/>
<VisualProperties>
<Ambient r="0.74901960784313726" g="0.74901960784313726" b="0.74901960784313726" a="1"/>
<Diffuse r="0.74901960784313726" g="0.74901960784313726" b="0.74901960784313726" a="1"/>
<Specular r="0" g="0" b="0" a="1"/>
<Emissive r="0" g="0" b="0" a="1"/>
<Shininess>0.14999999999999999</Shininess>
</VisualProperties>
</Part>
<Part name="silnik3.ipt" uid="silnik3.ipt_{36B6BD66-4E7D-046A-6480-A2BCE379E1B3}" version="{7971AD7B-9B52-1BB7-AE8E-A99C9529A673}">
<PartFile name="silnik3.ipt" type="Inventor Part"/>
<MassProperties>
<Mass>6.1259975055756541</Mass>
<CenterOfMass>-2.7896069695891601 -9.7260612522193721 38.353705303842737</CenterOfMass>
<Inertia>1959.1554061952661 1131.6125407860111 2832.9232350652678 58.636785665522332 -100.82795941584395 801.15401155880284</Inertia>
</MassProperties>
<GeometryFile name="silnik3_ipt_9d4d5d4f.STEP" type="STEP"/>
<VisualProperties>
<Ambient r="0.74901960784313726" g="0.74901960784313726" b="0.74901960784313726" a="1"/>
<Diffuse r="0.74901960784313726" g="0.74901960784313726" b="0.74901960784313726" a="1"/>
<Specular r="0" g="0" b="0" a="1"/>
<Emissive r="0" g="0" b="0" a="1"/>
<Shininess>0.14999999999999999</Shininess>
</VisualProperties>
</Part>
</Parts>
</SimscapeMultibodyImportXML>
