<?xml version="1.0" encoding="UTF-8" standalone="no" ?>
<SimscapeMultibodyImportXML version="2.0" xmlns="urn:mathworks:SimscapeMultibody:import" xmlns:xsi="http://www.w3.org/2001/XMLSchema-instance">
<Created by="pc" on="05/30/22||19:22:17" using="Simscape Multibody Link Version 7.4" from="Autodesk Inventor 2021 (Build 250183000, 183)"/>
<ModelUnits mass="lbmass" length="inch"/>
<DataUnits mass="kilogram" length="centimeter"/>
<RootAssembly name="manipulator.iam" uid="manipulator.iam_{13553B20-4247-5BD7-101C-9B9767E63C26}" version="{AF83D249-A2CB-BD86-4636-300A8C511903}">
<AssemblyFile name="manipulator.iam" type="Inventor Assembly"/>
<InstanceTree>
<Instance name="czlon3" uid="czlon3" entityUid="Manipulator_v2_Shrinkwrap_1.ipt_{11A023A9-4483-E675-0A7E-5EB8190FA01B}">
<Transform>
<Rotation>0.91309197322613744 -0.40764451389084183 -0.0094339135409589898 0.40772057678221807 0.91306821265426574 0.0083887012534868341 0.0051941985305251617 -0.011506056450584237 0.99992031230822687</Rotation>
<Translation>65.1430830251213 92.075883736984849 18.824071450471745</Translation>
</Transform>
</Instance>
<Instance name="czlon1" uid="czlon1" entityUid="Manipulator_v2_Shrinkwrap_2.ipt_{E289605E-4715-2428-0E61-F3B819F74892}">
<Transform>
<Rotation>0.99865594100931931 -0.048762760426159971 -0.017564301364195036 0.04859493470969832 0.99876991451183095 -0.009858508334949969 0.018023423852073575 0.0089917218401731527 0.99979713198778386</Rotation>
<Translation>65.400319140558452 74.181942971211456 18.987591969504308</Translation>
</Transform>
</Instance>
<Instance name="czlon2" uid="czlon2" entityUid="Manipulator_v2_Shrinkwrap_3.ipt_{7C5254E1-4FBC-CDF4-4BD7-CB9E370500C5}">
<Transform>
<Rotation>0.85517464215054828 -0.51820589389700389 -0.011789103150318793 0.5183288072580241 0.85508431421311104 0.012886549311890708 0.0034027913770618202 -0.017130881970898081 0.99984746531345658</Rotation>
<Translation>66.17276353446735 93.995348479109424 18.777636168397738</Translation>
</Transform>
</Instance>
<Instance name="czlon4" grounded="true" uid="czlon4" entityUid="Manipulator_v2_Shrinkwrap_4.ipt_{76707307-49BB-2F27-43B4-BEB03EC48F66}">
<Transform>
<Rotation>0.89048475179403919 -0.45489528187628531 -0.010353228917279123 0.45499054876379391 0.89043657015871946 0.010310919435466588 0.0045285050441521285 -0.01389233784081324 0.99989324209703923</Rotation>
<Translation>64.580964198050722 91.673489479282892 18.704491435536514</Translation>
</Transform>
</Instance>
</InstanceTree>
<Constraints>
</Constraints>
<Joints>
<Revolute name="Rotational:1">
<BaseFrame>
<InstancePath>
<Uid>czlon2</Uid>
</InstancePath>
<Transform>
<Rotation>0.46074616642294214 -0.88659397309085952 -0.040793345113225597 0.88752625690603781 0.460091584480533 0.024756356608965677 -0.0031801617757918647 -0.047611561297197527 0.99886086408564578</Rotation>
<Translation>-39.791964121210334 14.313144552272895 41.099945357406234</Translation>
</Transform>
</BaseFrame>
<FollowerFrame>
<InstancePath>
<Uid>czlon1</Uid>
</InstancePath>
<Transform>
<Rotation>0.15050044750928937 -0.98776794759395647 -0.040793345113223918 0.98843959460840702 0.14958038179459779 0.02475635660896575 -0.018351651420827352 -0.044047600254784783 0.99886086408564601</Rotation>
<Translation>-39.791964130662315 14.313144516658605 41.099945332166655</Translation>
</Transform>
</FollowerFrame>
</Revolute>
<Revolute name="Rotational:2">
<BaseFrame>
<InstancePath>
<Uid>czlon3</Uid>
</InstancePath>
<Transform>
<Rotation>0.88993993203324551 0.45426427471327929 0.040631097596311901 0.45463970891318883 -0.89067543756372403 3.0704605524789491e-16 0.036189120630289617 0.018472510384010335 -0.99917421599444756</Rotation>
<Translation>-11.561612137047664 14.399133155619143 43.390276742167593</Translation>
</Transform>
</BaseFrame>
<FollowerFrame>
<InstancePath>
<Uid>czlon2</Uid>
</InstancePath>
<Transform>
<Rotation>0.062058735760508625 0.99724511892710033 0.04063109759631179 0.99806930859857368 -0.062110025225924674 3.8163916471489766e-16 0.0025235984966643131 0.040552651485552059 -0.99917421599444767</Rotation>
<Translation>-11.566081557783239 14.399133155619095 43.500185905926998</Translation>
</Transform>
</FollowerFrame>
</Revolute>
<Revolute name="Rotational:3">
<BaseFrame>
<InstancePath>
<Uid>czlon4</Uid>
</InstancePath>
<Transform>
<Rotation>0.54505526395535286 -0.83741499457716972 -0.040631097596292784 0.83810709000703709 0.54550573386531542 2.8969882048811933e-15 0.022164496712016524 -0.034053210970222438 0.99917421599444844</Rotation>
<Translation>0.50765585212886244 -13.071249163263046 43.340623344770563</Translation>
</Transform>
</BaseFrame>
<FollowerFrame>
<InstancePath>
<Uid>czlon3</Uid>
</InstancePath>
<Transform>
<Rotation>-0.91492325721790113 0.40157757321581794 -0.040631097596311901 -0.40190946362255758 -0.9156794106294126 -3.0704605524789491e-16 -0.037205059500217144 0.016330022641329225 0.99917421599444756</Rotation>
<Translation>0.51131265091255973 -13.071249163263278 43.250697665330968</Translation>
</Transform>
</FollowerFrame>
</Revolute>
</Joints>
</RootAssembly>
<Assemblies>
</Assemblies>
<Parts>
<Part name="Manipulator_v2_Shrinkwrap_1.ipt" uid="Manipulator_v2_Shrinkwrap_1.ipt_{11A023A9-4483-E675-0A7E-5EB8190FA01B}" version="{1D16E83F-706B-F753-80E9-2A9A8FFC31E8}">
<PartFile name="Manipulator_v2_Shrinkwrap_1.ipt" type="Inventor Part"/>
<MassProperties>
<Mass>6.1243889633856252</Mass>
<CenterOfMass>-2.7785290956203093 -9.7309062886240572 38.353841587983439</CenterOfMass>
<Inertia>1958.2534982518516 1129.4205665389077 2829.8463427434199 58.493584212183485 -100.6861892359741 800.10418794799364</Inertia>
</MassProperties>
<GeometryFile name="Manipulator_v2_Shrinkwrap_1_ipt_78018e21.STEP" type="STEP"/>
<VisualProperties>
<Ambient r="0.74901960784313726" g="0.74901960784313726" b="0.74901960784313726" a="1"/>
<Diffuse r="0.74901960784313726" g="0.74901960784313726" b="0.74901960784313726" a="1"/>
<Specular r="0" g="0" b="0" a="1"/>
<Emissive r="0" g="0" b="0" a="1"/>
<Shininess>0.14999999999999999</Shininess>
</VisualProperties>
</Part>
<Part name="Manipulator_v2_Shrinkwrap_2.ipt" uid="Manipulator_v2_Shrinkwrap_2.ipt_{E289605E-4715-2428-0E61-F3B819F74892}" version="{82E3FA7C-86B9-440A-EF05-8E1F67E5D8B4}">
<PartFile name="Manipulator_v2_Shrinkwrap_2.ipt" type="Inventor Part"/>
<MassProperties>
<Mass>6.1243889633856252</Mass>
<CenterOfMass>-2.7785290956203093 -9.7309062886240572 38.353841587983439</CenterOfMass>
<Inertia>1958.2534982518516 1129.4205665389077 2829.8463427434199 58.493584212183485 -100.6861892359741 800.10418794799364</Inertia>
</MassProperties>
<GeometryFile name="Manipulator_v2_Shrinkwrap_2_ipt_140ec460.STEP" type="STEP"/>
<VisualProperties>
<Ambient r="0.74901960784313726" g="0.74901960784313726" b="0.74901960784313726" a="1"/>
<Diffuse r="0.74901960784313726" g="0.74901960784313726" b="0.74901960784313726" a="1"/>
<Specular r="0" g="0" b="0" a="1"/>
<Emissive r="0" g="0" b="0" a="1"/>
<Shininess>0.14999999999999999</Shininess>
</VisualProperties>
</Part>
<Part name="Manipulator_v2_Shrinkwrap_3.ipt" uid="Manipulator_v2_Shrinkwrap_3.ipt_{7C5254E1-4FBC-CDF4-4BD7-CB9E370500C5}" version="{8432A9B2-80FA-1A32-3B36-0F8F06181F24}">
<PartFile name="Manipulator_v2_Shrinkwrap_3.ipt" type="Inventor Part"/>
<MassProperties>
<Mass>6.1243889633856252</Mass>
<CenterOfMass>-2.7785290956203093 -9.7309062886240572 38.353841587983439</CenterOfMass>
<Inertia>1958.2534982518516 1129.4205665389077 2829.8463427434199 58.493584212183485 -100.6861892359741 800.10418794799364</Inertia>
</MassProperties>
<GeometryFile name="Manipulator_v2_Shrinkwrap_3_ipt_53d9984d.STEP" type="STEP"/>
<VisualProperties>
<Ambient r="0.74901960784313726" g="0.74901960784313726" b="0.74901960784313726" a="1"/>
<Diffuse r="0.74901960784313726" g="0.74901960784313726" b="0.74901960784313726" a="1"/>
<Specular r="0" g="0" b="0" a="1"/>
<Emissive r="0" g="0" b="0" a="1"/>
<Shininess>0.14999999999999999</Shininess>
</VisualProperties>
</Part>
<Part name="Manipulator_v2_Shrinkwrap_4.ipt" uid="Manipulator_v2_Shrinkwrap_4.ipt_{76707307-49BB-2F27-43B4-BEB03EC48F66}" version="{7731403D-2BFF-F377-626F-582990901BA9}">
<PartFile name="Manipulator_v2_Shrinkwrap_4.ipt" type="Inventor Part"/>
<MassProperties>
<Mass>6.1243889633856252</Mass>
<CenterOfMass>-2.7785290956203093 -9.7309062886240572 38.353841587983439</CenterOfMass>
<Inertia>1958.2534982518516 1129.4205665389077 2829.8463427434199 58.493584212183485 -100.6861892359741 800.10418794799364</Inertia>
</MassProperties>
<GeometryFile name="Manipulator_v2_Shrinkwrap_4_ipt_580574a2.STEP" type="STEP"/>
<VisualProperties>
<Ambient r="0.74901960784313726" g="0.74901960784313726" b="0.74901960784313726" a="1"/>
<Diffuse r="0.74901960784313726" g="0.74901960784313726" b="0.74901960784313726" a="1"/>
<Specular r="0" g="0" b="0" a="1"/>
<Emissive r="0" g="0" b="0" a="1"/>
<Shininess>0.14999999999999999</Shininess>
</VisualProperties>
</Part>
</Parts>
</SimscapeMultibodyImportXML>
